BLUE
GREEN
35
Circle
1
366 168
448 229
3
BLUE
0

Line
646446
370 267
370 267
3
BLUE

Line
747476
361 267
359 527
3
BLUE

Triangle
4
360 526
412 583
555 576
3
BLUE
0

Triangle
5
361 526
329 578
206 580
3
BLUE
0

Triangle
8
209 267
191 319
360 349
3
BLUE
0

Circle
41
540 359
490 359
3
BLUE
0

Triangle
8
359 346
470 239
512 280
3
BLUE
0

Line
8858
541 406
541 551
3
BLUE

Triangle
10
541 551
561 569
578 558
3
BLUE
0

Triangle
11
543 552
529 566
511 559
3
BLUE
0

Triangle
12
540 459
517 443
508 461
3
BLUE
0

Triangle
13
542 456
516 476
514 467
3
BLUE
0

Circle
6334
325 142
314 142
3
BLUE
0

Circle
19169
402 138
391 138
3
BLUE
0

Line
8724
360 165
351 188
3
BLUE

Line
87424
349 187
362 187
3
BLUE

Circle
18
513 378
524 383
3
BLUE
0

Circle
19
488 327
502 327
3
BLUE
1
BLACK

Circle
15724
512 310
498 310
3
BLUE
1
BLACK

Circle
11478
498 316
484 316
3
BLUE
1
BLACK

Circle
29358
532 303
518 303
3
BLUE
1
BLACK

Circle
26962
551 303
537 303
3
BLUE
1
BLACK

Circle
24464
569 308
555 308
3
BLUE
1
BLACK

Circle
5705
584 324
570 324
3
BLUE
1
BLACK

Circle
28145
593 344
579 344
3
BLUE
1
BLACK

Circle
23281
595 363
581 363
3
BLUE
1
BLACK

Circle
16827
260 118
237 118
3
BLUE
0

Circle
29
524 341
526 341
3
BLUE
0

Circle
30
506 339
511 339
3
BLUE
0

Circle
31
520 341
524 341
3
BLUE
0

Circle
32
520 343
526 343
3
BLUE
0

Circle
33
383 220
402 224
3
BLUE
0

Circle
9961
466 120
441 120
3
BLUE
0

